00000011110000000000111100010011
00000000000100000000000110010011
00000011110000000000000011101111
00000000001100011000000110010011
00000011010000000000000011101111
00000000001100011000000110010011
00000010110000000000000011101111
00000000001100011000000110010011
00000010010000000000000011101111
00000010110000000000000011101111
00000010100000000000000011101111
00000010010000000000000011101111
00000010000000000000000011101111
00000000000000000000000000010011
00000000000000000000000000010011
00000000000000000000000000010011
00000001110000000000000001101111
00000000010011110000111100010011
00000000001111110010000000100011
00000000000000001000000001100111
00000000000011110010001000000011
11111111110011110000111100010011
00000000000000001000000001100111
00000000000000000000000000010011
00000000000000000000000000010011
